%YAML:1.0

# the default config, will be overridden by a custom config from the particular drone's config file

cam0:
  T_imu_cam:
    - [0.002253439710588965, 0.9999943321192303, -0.002501547298135557, -0.0008954449187114754]
    - [0.9999954056051955, -0.0022584999544162172, -0.0020218670717360755, -0.08544219010498129]
    - [-0.00202750535649339, -0.002496979649490666, -0.9999948271439502, -0.04284073697140713]
    - [0.0, 0.0, 0.0, 1.0]
  cam_overlaps: [0]
  camera_model: pinhole
  distortion_coeffs: [-0.17963460972090864, 0.009553398534202987, 0.004218656927176729, -0.0013290823150729572]
  distortion_model: equidistant
  intrinsics: [599.1449587048594, 598.6460870739693, 633.9720062942748, 451.59454186755164]
  resolution: [1280, 800]
  rostopic: /uav80/camera_mono/image_raw
  timeshift_cam_imu: -0.009590876039095163
